join_times [0.2462338000186719, 0.001113900012569502, 0.001042500021867454, 0.0009845999884419143, 0.0009000999853014946, 0.0008376000041607767, 0.0007640999974682927, 0.0006990999972913414, 0.0007353000110015273, 0.0005946999881416559, 0.0006934000120963901, 0.0004875000158790499, 0.0004020999767817557, 0.00031250002211891115, 0.00025809998624026775, 0.00018060000729747117]
delete_times [9.250000584870577e-05, 6.72000169288367e-05, 6.199997733347118e-05, 5.950001650489867e-05, 5.370000144466758e-05, 5.0799979362636805e-05, 4.5599997974932194e-05, 4.350001108832657e-05, 3.980001201853156e-05, 3.609998384490609e-05, 3.1800009310245514e-05, 3.060000017285347e-05, 2.579999272711575e-05, 2.3600005079060793e-05, 2.1299987565726042e-05, 2.269999822601676e-05]
join_times [0.2514332999999169, 0.0010448000102769583, 0.0009864000021480024, 0.0009302999824285507, 0.0008487000013701618, 0.0007971000159159303, 0.0006989000248722732, 0.0006540999747812748, 0.000590300012845546, 0.000512800004798919, 0.000460899987956509, 0.00040580000495538116, 0.00034749999758787453, 0.0002747999969869852, 0.00022799998987466097, 0.00016220001270994544]
delete_times [8.480000542476773e-05, 6.399999256245792e-05, 5.870001041330397e-05, 5.529998452402651e-05, 5.0300004659220576e-05, 4.7299981815740466e-05, 4.350001108832657e-05, 4.089999129064381e-05, 3.700001980178058e-05, 3.329999162815511e-05, 3.0099996365606785e-05, 2.8300011763349175e-05, 2.4399982066825032e-05, 2.0800012862309813e-05, 1.960000372491777e-05, 2.160001895390451e-05]
join_times [0.24331990000791848, 0.0009978000016417354, 0.0009365000005345792, 0.0008834000036586076, 0.0008132999937515706, 0.0007596000214107335, 0.0006861000147182494, 0.0006241000082809478, 0.0005942999850958586, 0.0005133000086061656, 0.00045939997653476894, 0.00039500001003034413, 0.0003496000135783106, 0.00027779999072663486, 0.00023099998361431062, 0.00016150000737980008]
delete_times [8.92000098247081e-05, 6.820002454333007e-05, 6.349998875521123e-05, 5.9299985878169537e-05, 5.360000068321824e-05, 5.09000092279166e-05, 4.600000102072954e-05, 4.3899985030293465e-05, 3.9700011257082224e-05, 3.4900003811344504e-05, 3.090000245720148e-05, 2.9499991796910763e-05, 2.4599983589723706e-05, 2.13000166695565e-05, 1.8699996871873736e-05, 2.0799983758479357e-05]
join_times [0.24823759999708273, 0.001045900018652901, 0.0013792999961879104, 0.0009080999880097806, 0.0008153000089805573, 0.0007539999787695706, 0.0007128000142984092, 0.0006382999999914318, 0.0005945999873802066, 0.000509400008013472, 0.00047820000327192247, 0.0003974999999627471, 0.00036689999978989363, 0.00027480002609081566, 0.00022670000907965004, 0.00015380000695586205]
delete_times [8.489997708238661e-05, 6.330001633614302e-05, 5.85000088904053e-05, 5.520001286640763e-05, 5.01000031363219e-05, 4.740001168102026e-05, 4.3100008042529225e-05, 4.099999205209315e-05, 3.890000516548753e-05, 3.5200006095692515e-05, 2.980002318508923e-05, 2.829998265951872e-05, 2.400000812485814e-05, 2.0899984519928694e-05, 1.8300022929906845e-05, 2.069998299703002e-05]
join_times [0.2498595000070054, 0.0010012999991886318, 0.0016051999991759658, 0.0009422999864909798, 0.0008962000138126314, 0.0007927000115159899, 0.0007194000063464046, 0.0006664999818895012, 0.0006404000159818679, 0.0005332999862730503, 0.0004759000148624182, 0.0004124999977648258, 0.00036639999598264694, 0.0002902999985963106, 0.0002519999979995191, 0.00016579998191446066]
delete_times [8.6499989265576e-05, 6.560000474564731e-05, 6.0399994254112244e-05, 5.7199998991563916e-05, 5.2799994591623545e-05, 4.9299997044727206e-05, 4.439998883754015e-05, 4.350001108832657e-05, 3.840000135824084e-05, 3.600001218728721e-05, 3.1800009310245514e-05, 2.95999925583601e-05, 2.6299996534362435e-05, 2.2599997464567423e-05, 2.060001133941114e-05, 2.0800012862309813e-05]

lookup_times [2.5999906938523054e-06, 2.900022082030773e-06, 1.200009137392044e-06, 2.5999906938523054e-06, 1.00000761449337e-06, 2.1999876480549574e-06, 1.600012183189392e-06, 2.5999906938523054e-06, 9.00006853044033e-07, 1.800013706088066e-06, 1.4999823179095984e-06, 2.3999891709536314e-06, 1.700012944638729e-06, 2.2999884095042944e-06, 2.200016751885414e-06, 2.9999937396496534e-06, 3.4999975468963385e-06, 3.00002284348011e-07, 9.00006853044033e-07, 9.999785106629133e-07, 1.600012183189392e-06, 9.00006853044033e-07, 1.4999823179095984e-06, 1.400010660290718e-06, 2.1999876480549574e-06, 8.00006091594696e-07, 1.4999823179095984e-06, 1.600012183189392e-06, 2.0999868866056204e-06, 1.500011421740055e-06, 2.1999876480549574e-06, 2.200016751885414e-06, 2.4999899324029684e-06, 3.1999952625483274e-06, 2.00001522898674e-07, 8.00006091594696e-07, 9.00006853044033e-07, 1.4999823179095984e-06, 8.00006091594696e-07, 1.600012183189392e-06, 1.3999815564602613e-06, 2.300017513334751e-06, 8.00006091594696e-07, 1.500011421740055e-06, 1.5999830793589354e-06, 2.200016751885414e-06, 1.4999823179095984e-06, 2.300017513334751e-06, 5.89998671784997e-06, 2.5999906938523054e-06, 3.100023604929447e-06, 2.00001522898674e-07, 9.00006853044033e-07, 9.00006853044033e-07, 1.400010660290718e-06, 8.999777492135763e-07, 1.700012944638729e-06, 1.5999830793589354e-06, 2.300017513334751e-06, 9.00006853044033e-07, 1.400010660290718e-06, 1.500011421740055e-06, 2.2999884095042944e-06, 1.400010660290718e-06, 1.7999846022576094e-06, 2.3999891709536314e-06, 2.400018274784088e-06, 2.8999929782003164e-06, 1.00000761449337e-07, 9.00006853044033e-07, 8.999777492135763e-07, 1.600012183189392e-06, 9.00006853044033e-07, 1.4999823179095984e-06, 1.700012944638729e-06, 2.1999876480549574e-06, 8.00006091594696e-07, 1.6999838408082724e-06, 1.400010660290718e-06, 2.0999868866056204e-06, 2.500019036233425e-06, 1.6999838408082724e-06, 2.300017513334751e-06, 2.2999884095042944e-06, 2.9999937396496534e-06, 2.00001522898674e-07, 8.00006091594696e-07, 9.00006853044033e-07, 1.4999823179095984e-06, 8.00006091594696e-07, 1.4999823179095984e-06, 1.400010660290718e-06, 2.100015990436077e-06, 8.00006091594696e-07, 1.400010660290718e-06, 1.4999823179095984e-06, 1.700012944638729e-06, 2.2999884095042944e-06, 1.600012183189392e-06, 2.1999876480549574e-06, 2.2999884095042944e-06, 2.900022082030773e-06, 2.00001522898674e-07, 7.999769877642393e-07, 8.00006091594696e-07, 1.600012183189392e-06, 7.999769877642393e-07, 1.500011421740055e-06, 1.600012183189392e-06, 2.200016751885414e-06, 7.00005330145359e-07, 1.5999830793589354e-06, 1.700012944638729e-06, 1.6999838408082724e-06, 2.300017513334751e-06, 1.4999823179095984e-06, 2.100015990436077e-06, 2.1999876480549574e-06, 2.6999914553016424e-06, 2.00001522898674e-07, 9.00006853044033e-07, 9.00006853044033e-07, 1.4999823179095984e-06, 9.00006853044033e-07, 1.5999830793589354e-06, 1.600012183189392e-06, 2.0999868866056204e-06, 8.00006091594696e-07, 9.00006853044033e-07, 1.6999838408082724e-06, 1.500011421740055e-06, 1.9999861251562834e-06, 1.400010660290718e-06, 2.1999876480549574e-06, 2.00001522898674e-06, 2.5999906938523054e-06, 2.00001522898674e-07, 9.00006853044033e-07, 9.00006853044033e-07, 1.4999823179095984e-06, 9.00006853044033e-07, 1.3999815564602613e-06, 1.500011421740055e-06, 2.0999868866056204e-06, 2.500019036233425e-06, 8.999777492135763e-07, 1.400010660290718e-06, 1.500011421740055e-06, 2.1999876480549574e-06, 1.500011421740055e-06, 1.9999861251562834e-06, 2.0999868866056204e-06, 2.900022082030773e-06, 1.00000761449337e-07, 9.999785106629133e-07, 8.00006091594696e-07, 1.500011421740055e-06, 7.999769877642393e-07, 1.400010660290718e-06, 1.500011421740055e-06, 1.7999846022576094e-06, 2.2999884095042944e-06, 9.00006853044033e-07, 1.500011421740055e-06, 1.4999823179095984e-06, 2.200016751885414e-06, 1.4999823179095984e-06, 2.100015990436077e-06, 2.0999868866056204e-06, 2.5999906938523054e-06, 2.00001522898674e-07, 8.00006091594696e-07, 8.00006091594696e-07, 1.3999815564602613e-06, 2.100015990436077e-06, 1.4999823179095984e-06, 1.700012944638729e-06, 1.4999823179095984e-06, 2.200016751885414e-06, 8.00006091594696e-07, 1.3999815564602613e-06, 1.600012183189392e-06, 2.0999868866056204e-06, 1.400010660290718e-06, 1.9999861251562834e-06, 2.100015990436077e-06, 2.5999906938523054e-06, 2.00001522898674e-07, 8.00006091594696e-07, 7.999769877642393e-07, 1.400010660290718e-06, 8.00006091594696e-07, 9.999785106629133e-07, 1.500011421740055e-06, 1.600012183189392e-06, 2.1999876480549574e-06, 8.00006091594696e-07, 1.3999815564602613e-06, 1.500011421740055e-06, 2.1999876480549574e-06, 1.500011421740055e-06, 2.0999868866056204e-06, 2.100015990436077e-06, 2.6999914553016424e-06, 2.00001522898674e-07, 8.00006091594696e-07, 7.999769877642393e-07, 1.500011421740055e-06, 1.500011421740055e-06, 9.00006853044033e-07, 1.400010660290718e-06, 1.5999830793589354e-06, 2.00001522898674e-06, 8.00006091594696e-07, 1.3999815564602613e-06, 1.400010660290718e-06, 1.9999861251562834e-06, 1.600012183189392e-06, 1.9999861251562834e-06, 2.100015990436077e-06, 2.6999914553016424e-06, 2.00001522898674e-07, 8.00006091594696e-07, 7.999769877642393e-07, 9.00006853044033e-07, 1.700012944638729e-06, 8.999777492135763e-07, 1.400010660290718e-06, 1.600012183189392e-06, 2.1999876480549574e-06, 8.00006091594696e-07, 1.4999823179095984e-06, 1.300009898841381e-06, 2.0999868866056204e-06, 1.400010660290718e-06, 1.8999853637069464e-06, 2.00001522898674e-06, 2.6999914553016424e-06, 2.00001522898674e-07, 8.00006091594696e-07, 8.999777492135763e-07, 8.00006091594696e-07, 1.500011421740055e-06, 8.999777492135763e-07, 1.400010660290718e-06, 1.400010660290718e-06, 2.0999868866056204e-06, 9.00006853044033e-07, 1.2999807950109243e-06, 1.500011421740055e-06, 2.00001522898674e-06, 1.500011421740055e-06, 2.00001522898674e-06, 2.0999868866056204e-06, 2.5999906938523054e-06, 1.00000761449337e-07]
lookup_times 1.4929687495168764e-06
lookup_times 1.502734562564001e-06
lookup_times 1.5898433503025444e-06



join_times_16 = [0.0032437999034300447, 0.0010804000776261091, 0.001107799937017262, 0.0009687000419944525, 0.0009229999268427491, 0.0009262000676244497, 0.0008929999312385917, 0.000889600021764636, 0.0009045000188052654, 0.0008175999391824007, 0.0007824000203981996, 0.0010778000578284264, 0.0007659000111743808, 0.0007240999257192016, 0.0007695000385865569, 0.0010993999894708395, 0.002083800034597516, 0.0011820999206975102, 0.0009479000000283122, 0.00061039999127388, 0.0008644000627100468, 0.0005550999194383621, 0.0004950000438839197, 0.00045689998660236597, 0.0004987999564036727, 0.0003939000889658928, 0.00040819996502250433, 0.0003439999418333173, 0.00031780009157955647, 0.0002867000875994563, 0.00027299998328089714, 0.00024209998082369566]